1 1 3 3 1 1 0 1 0 0 0 0 281 0
2 1 8 3 1 1 -1 -1 -1 0 0 0 234 0
3 1 1 4 1 1 0 1 0 0 0 0 428 0
4 1 2 2 1 0 0 1 1 0 0 0 366 0
5 1 4 3 1 1 1 0 1 1 4 0 339 4
6 0 3 2 0 1 0 0 0 0 0 0 281 4
7 1 4 3 1 1 1 0 1 1 4 0 353 8
8 1 2 4 1 1 1 0 1 1 2 0 335 10
9 1 6 8 1 0 0 1 1 0 0 0 381 10
10 0 7 5 1 1 0 0 1 1 7 0 449 17
11 0 7 9 0 1 0 0 0 0 0 0 394 17
12 1 8 3 1 1 1 0 1 1 8 0 494 25
13 0 2 6 1 1 1 1 0 0 0 0 406 25
14 0 8 7 1 1 0 0 1 1 8 0 257 33
15 0 5 3 1 1 0 0 1 1 5 0 354 38
16 0 3 3 0 0 1 1 0 1 3 0 168 41
17 0 3 7 1 1 0 0 1 1 3 0 428 44
18 0 7 7 1 1 0 0 1 1 7 0 519 51
19 0 3 7 1 1 1 1 0 0 0 0 365 51
20 1 6 2 0 1 1 0 0 0 0 0 354 51
21 0 7 6 1 1 0 0 1 1 7 0 375 58
22 1 8 3 1 1 1 0 1 1 8 0 692 66
23 0 7 4 0 0 0 0 1 0 0 0 468 66
24 0 8 4 0 0 0 0 1 0 0 0 388 66
25 1 6 3 0 0 1 0 1 0 0 0 888 66
26 1 7 6 0 0 1 0 1 0 0 0 824 66
27 1 2 8 0 0 0 1 0 1 8 0 483 74
28 0 9 2 1 1 0 0 1 1 9 0 539 83
29 0 4 6 1 1 1 1 0 0 0 0 337 83
30 1 9 2 1 1 1 0 1 1 9 0 631 92
31 0 2 5 1 0 -1 -1 -1 0 0 0 1025 92
32 0 4 6 0 0 1 1 0 1 6 0 1060 98
33 1 8 4 1 0 1 0 0 1 8 0 318 106
34 1 4 7 0 0 0 1 0 1 7 0 1212 113
35 0 5 3 1 0 0 0 0 1 5 0 480 118
36 0 3 6 1 1 1 1 0 0 0 0 432 118
37 1 2 8 0 0 0 1 0 1 8 0 546 126
38 1 2 7 0 0 0 1 0 1 7 0 408 133
39 1 6 5 0 1 0 1 1 1 5 0 756 138
40 1 8 6 1 0 0 1 1 0 0 0 577 138
41 1 5 6 1 1 1 0 1 1 5 0 237 143
42 1 4 6 1 0 0 1 1 0 0 0 327 143
43 0 1 2 1 0 0 0 0 1 1 0 430 144
44 0 2 2 1 1 0 0 1 1 2 0 224 146
45 1 9 7 1 1 1 0 1 1 9 0 467 155
46 1 1 3 1 1 1 0 1 1 1 0 740 156
47 0 9 1 1 1 0 0 1 1 9 0 498 165
48 1 5 2 1 1 1 0 1 1 5 0 385 170
49 0 8 9 0 1 1 1 1 1 9 0 357 179
50 1 6 4 1 1 1 0 1 1 6 0 395 185
51 0 8 4 1 0 1 1 1 0 0 0 422 185
52 1 7 3 1 0 1 0 0 1 7 0 329 192
53 1 7 2 1 0 1 0 0 1 7 0 296 199
54 1 4 8 1 0 0 1 1 0 0 0 455 199
55 1 4 9 1 1 0 1 0 0 0 0 273 199
56 0 8 6 1 0 0 0 0 1 8 0 321 207
57 0 6 6 1 0 0 0 0 1 6 0 392 213
58 0 8 7 1 1 0 0 1 1 8 0 636 221
59 1 5 1 1 0 1 0 0 1 5 0 294 226
60 1 7 7 1 0 1 0 0 1 7 0 229 233
61 0 3 9 0 0 1 1 0 1 9 0 344 242
62 1 3 2 0 1 1 0 0 0 0 0 254 242
63 1 6 8 0 1 0 1 1 1 8 0 359 250
64 1 9 7 0 1 0 1 1 1 7 0 404 257
65 1 8 5 0 1 0 1 1 1 5 0 375 262
66 0 9 4 0 1 0 0 0 0 0 0 364 262
67 1 8 3 1 0 1 0 0 1 8 0 497 270
68 0 5 7 0 1 1 1 1 1 7 0 609 277
69 1 4 1 0 1 1 0 0 0 0 0 748 277
70 0 8 9 0 1 1 1 1 1 9 0 514 286
71 0 4 6 1 0 1 1 1 0 0 0 577 286
72 0 2 5 0 1 1 1 1 1 5 0 238 291
73 0 3 5 0 1 1 1 1 1 5 0 295 296
74 0 8 2 0 1 0 0 0 0 0 0 311 296
75 0 2 8 0 0 -1 -1 -1 0 0 0 287 296
76 1 3 5 1 0 0 1 1 0 0 0 687 296
77 0 8 2 1 0 0 0 0 1 8 0 551 304
78 1 6 8 0 0 0 1 0 1 8 0 332 312
79 0 1 6 0 1 1 1 1 1 6 0 786 318
80 0 6 7 0 0 1 1 0 1 7 0 438 325
81 1 2 2 0 0 0 1 0 1 2 0 408 327
82 1 6 8 0 0 0 1 0 1 8 0 483 335
83 0 8 4 1 0 0 0 0 1 8 0 819 343
84 0 3 5 1 0 1 1 1 0 0 0 398 343
85 0 3 6 1 0 1 1 1 0 0 0 266 343
86 0 3 1 0 0 0 0 1 0 0 0 994 343
87 0 2 6 1 0 1 1 1 0 0 0 446 343
88 0 9 8 1 0 0 0 0 1 9 0 416 352
89 1 6 2 1 0 1 0 0 1 6 0 483 358
90 1 4 5 1 0 1 0 0 1 4 0 619 362
91 1 4 4 1 0 1 0 0 1 4 0 357 366
92 0 3 4 0 1 0 0 0 0 0 0 474 366
93 1 4 9 1 1 0 1 0 0 0 0 283 366
94 0 8 8 1 0 1 1 1 0 0 0 315 366
95 0 2 9 1 0 1 1 1 0 0 0 298 366
96 0 2 5 1 0 1 1 1 0 0 0 474 366
97 1 4 3 1 0 1 0 0 1 4 0 474 370
98 0 8 2 1 0 0 0 0 1 8 0 699 378
99 1 5 5 1 1 1 0 1 1 5 0 1050 383
100 0 5 4 1 0 0 0 0 1 5 0 428 388
101 0 5 1 1 0 0 0 0 1 5 0 262 393
102 1 3 5 0 0 1 0 1 0 0 0 872 393
103 1 2 4 0 0 0 1 0 1 4 0 264 397
104 0 4 2 0 0 0 0 1 0 0 0 497 397
105 1 5 6 0 0 0 1 0 1 6 0 417 403
106 1 7 7 0 0 0 1 0 1 7 0 300 410
107 1 4 8 0 1 0 1 1 1 8 0 267 418
108 1 1 2 0 0 0 1 0 1 2 0 268 420
109 0 7 4 1 0 0 0 0 1 7 0 276 427
110 1 4 8 0 0 0 1 0 1 8 0 341 435
111 1 6 5 1 0 0 1 1 0 0 0 219 435
112 0 6 3 0 0 0 0 1 0 0 0 293 435
113 1 2 8 0 0 0 1 0 1 8 0 261 443
114 0 2 7 1 0 1 1 1 0 0 0 446 443
115 1 2 8 0 0 0 1 0 1 8 0 688 451
116 0 7 8 0 0 1 1 0 1 8 0 272 459
117 0 6 5 0 0 1 1 0 1 5 0 305 464
118 0 4 4 0 0 1 1 0 1 4 0 280 468
119 0 2 6 0 0 1 1 0 1 6 0 664 474
120 0 9 3 0 0 0 0 1 0 0 0 738 474
